13 0.482840 0.167766 0.068639 0.064090
13 0.228402 0.226673 0.097041 0.070688
8 0.342604 0.301602 0.126627 0.214892
5 0.543195 0.300660 0.142012 0.196041
6 0.721302 0.282752 0.126627 0.214892
7 0.379882 0.553723 0.165680 0.159284
0 0.572189 0.547125 0.124260 0.149859
9 0.726627 0.523091 0.106509 0.167766
10 0.209467 0.605090 0.113609 0.122526
12 0.497633 0.662111 0.746746 0.061263
1 0.220710 0.795005 0.138462 0.176249
5 0.364497 0.791235 0.115976 0.180019
6 0.584024 0.768143 0.128994 0.156456
5 0.761538 0.753534 0.124260 0.159284
