13 0.200470 0.214229 0.065779 0.093281
13 0.413469 0.185771 0.064213 0.098024
9 0.310885 0.313834 0.098669 0.213439
2 0.420517 0.307510 0.072044 0.153360
8 0.524276 0.321739 0.086922 0.156522
5 0.284652 0.533597 0.105717 0.172332
0 0.404072 0.543083 0.065779 0.113834
4 0.495301 0.533992 0.074393 0.163636
10 0.162099 0.581028 0.068912 0.105929
12 0.397024 0.649407 0.501175 0.041897
1 0.185200 0.783794 0.099452 0.169960
4 0.288567 0.768775 0.071261 0.144664
3 0.395458 0.760870 0.093970 0.169960
2 0.525842 0.758103 0.097886 0.140711
