13 0.376902 0.278870 0.066249 0.074529
13 0.535363 0.285012 0.078782 0.086814
8 0.440466 0.399263 0.114593 0.159705
8 0.569382 0.417281 0.098478 0.192465
3 0.686213 0.395168 0.076097 0.158067
4 0.450761 0.649877 0.097583 0.158067
2 0.569382 0.636773 0.080573 0.146601
7 0.694270 0.641278 0.085049 0.132678
10 0.301701 0.687142 0.078782 0.095004
12 0.576097 0.735463 0.518353 0.047502
1 0.351835 0.850532 0.091316 0.133497
3 0.450761 0.844799 0.090421 0.144963
1 0.578782 0.837428 0.092211 0.141687
0 0.707699 0.832105 0.086840 0.129402
