13 0.566755 0.241426 0.048249 0.047360
13 0.678453 0.238432 0.068077 0.053348
13 0.448116 0.477953 0.039656 0.058792
13 0.554527 0.455362 0.051553 0.048449
4 0.502644 0.293413 0.087905 0.116494
4 0.609716 0.303756 0.073364 0.107784
7 0.712492 0.302940 0.103106 0.123571
7 0.593523 0.529668 0.087244 0.093631
8 0.699934 0.538650 0.075347 0.123571
11 0.366821 0.533478 0.087244 0.042461
12 0.540978 0.626837 0.468605 0.047360
3 0.439194 0.728089 0.118308 0.144257
6 0.593523 0.727545 0.091210 0.133370
9 0.700925 0.728089 0.073364 0.144257
