13 0.525140 0.331367 0.043097 0.052047
13 0.663208 0.348716 0.036712 0.049271
13 0.365523 0.543720 0.039904 0.054823
13 0.490024 0.531575 0.043097 0.049965
7 0.437749 0.418806 0.101357 0.140874
5 0.555866 0.415684 0.094972 0.140180
0 0.685156 0.427481 0.101357 0.116586
6 0.407821 0.610340 0.071828 0.126995
9 0.532322 0.603747 0.078212 0.142956
5 0.649641 0.585010 0.095770 0.137405
11 0.280527 0.599931 0.086991 0.052047
12 0.492418 0.681124 0.520351 0.049271
0 0.386672 0.804997 0.093376 0.142956
5 0.509976 0.784525 0.110136 0.151978
5 0.672785 0.786954 0.092578 0.138793
