13 0.671066 0.255077 0.062944 0.033846
13 0.811675 0.253538 0.068020 0.045538
13 0.522843 0.464615 0.064975 0.060308
13 0.615736 0.483692 0.047716 0.051692
4 0.570051 0.354769 0.106599 0.163077
1 0.701523 0.345846 0.123858 0.147692
3 0.856345 0.330462 0.104569 0.129231
11 0.424873 0.508615 0.130964 0.042462
9 0.685787 0.518769 0.135025 0.132923
5 0.823350 0.499692 0.111675 0.145231
12 0.642132 0.596615 0.561421 0.048615
3 0.482741 0.682154 0.141117 0.120000
1 0.663959 0.679385 0.091371 0.108308
8 0.844162 0.679385 0.112690 0.131692
