13 0.463019 0.322105 0.046038 0.067368
13 0.594340 0.304561 0.050566 0.064561
13 0.311321 0.532632 0.050566 0.058947
13 0.475472 0.526667 0.039245 0.052632
6 0.375094 0.401053 0.083019 0.125614
4 0.509434 0.401754 0.081509 0.150877
1 0.650943 0.395789 0.094340 0.147368
2 0.372453 0.608772 0.088302 0.160702
7 0.514340 0.612281 0.100377 0.156491
6 0.644528 0.599298 0.078491 0.147368
11 0.261887 0.637895 0.067925 0.037895
12 0.488679 0.712632 0.584906 0.061053
3 0.344151 0.835439 0.110189 0.163509
6 0.513208 0.827368 0.080000 0.171228
5 0.661132 0.810526 0.089057 0.169825
