13 0.610483 0.065581 0.073998 0.107769
13 0.830421 0.061404 0.092497 0.104428
13 0.270298 0.407686 0.082220 0.080201
13 0.544193 0.433166 0.093525 0.111111
6 0.433196 0.164996 0.212744 0.238095
1 0.672662 0.175856 0.130524 0.241437
1 0.886948 0.190894 0.145940 0.234754
5 0.348407 0.527569 0.152107 0.244779
2 0.614080 0.521303 0.169579 0.207185
8 0.837616 0.526734 0.156218 0.218045
11 0.119733 0.550125 0.149024 0.069340
12 0.534430 0.684211 0.861254 0.055138
0 0.332477 0.868003 0.159301 0.213868
8 0.594553 0.861320 0.173690 0.210526
3 0.868448 0.835422 0.119219 0.175439
