13 0.168783 0.184036 0.092063 0.095120
13 0.327513 0.153846 0.068783 0.081059
13 0.591534 0.097188 0.076190 0.090157
6 0.426984 0.234905 0.149206 0.185277
7 0.617989 0.239868 0.152381 0.193548
8 0.807407 0.248553 0.129101 0.207610
8 0.401587 0.556658 0.142857 0.188586
7 0.612169 0.554591 0.130159 0.184450
6 0.814815 0.559140 0.122751 0.181969
10 0.233862 0.627378 0.133333 0.111663
12 0.538095 0.683209 0.828571 0.081059
1 0.191005 0.837883 0.119577 0.201820
5 0.378836 0.842018 0.167196 0.224979
5 0.594709 0.819686 0.146032 0.206782
4 0.819577 0.796526 0.108995 0.162117
