13 0.246461 0.167137 0.083655 0.119887
13 0.372587 0.111425 0.083655 0.098731
13 0.543758 0.081100 0.081081 0.142454
8 0.402188 0.237659 0.117117 0.201693
2 0.569498 0.247532 0.114543 0.218618
9 0.738095 0.253879 0.109395 0.236953
9 0.544402 0.546544 0.108108 0.246827
1 0.383526 0.574753 0.126126 0.210155
1 0.249035 0.875882 0.114543 0.208745
1 0.761261 0.854020 0.119691 0.193230
2 0.732947 0.548660 0.114543 0.180536
2 0.560489 0.866008 0.104247 0.205924
0 0.393179 0.885755 0.096525 0.169252
10 0.222651 0.610014 0.115830 0.159379
12 0.539254 0.719323 0.702703 0.067701
