13 0.472943 0.153311 0.111193 0.094046
13 0.709044 0.137173 0.091179 0.094046
4 0.286879 0.247078 0.148258 0.204786
1 0.547072 0.240122 0.123054 0.183083
13 0.277984 0.432109 0.118606 0.077351
13 0.470348 0.432944 0.089696 0.079021
1 0.784285 0.230662 0.155671 0.164162
9 0.554114 0.509182 0.140104 0.184752
7 0.797999 0.501113 0.140104 0.179744
11 0.202743 0.529494 0.183099 0.049527
12 0.490734 0.617418 0.797628 0.043962
3 0.265382 0.741235 0.191253 0.162493
1 0.558933 0.739566 0.149741 0.153589
4 0.815419 0.741792 0.152706 0.181413
