13 0.291866 0.108472 0.082935 0.091142
13 0.531898 0.126444 0.074960 0.096277
7 0.317384 0.277279 0.137161 0.159178
6 0.540670 0.280488 0.143541 0.170732
8 0.710526 0.298460 0.135566 0.214377
8 0.714514 0.536585 0.105263 0.189987
6 0.537480 0.530167 0.118022 0.146341
7 0.338118 0.525674 0.118022 0.178434
10 0.163477 0.540436 0.132376 0.161746
12 0.544657 0.694480 0.814992 0.092426
1 0.238437 0.841463 0.094099 0.201540
5 0.361244 0.849807 0.113238 0.172015
5 0.740032 0.838896 0.111643 0.170732
3 0.564593 0.838896 0.108453 0.173299
