13 0.263502 0.117647 0.081833 0.102941
13 0.531097 0.108088 0.090016 0.104412
4 0.297054 0.277206 0.096563 0.195588
5 0.528642 0.274265 0.150573 0.175000
5 0.759411 0.250735 0.134206 0.213235
4 0.762684 0.491176 0.124386 0.238235
5 0.552373 0.535294 0.122750 0.167647
6 0.309329 0.551471 0.134206 0.179412
10 0.124386 0.577206 0.153846 0.186765
12 0.503273 0.699265 0.941080 0.077941
0 0.797054 0.861765 0.137480 0.164706
1 0.571195 0.840441 0.094926 0.201471
1 0.301146 0.873529 0.104746 0.200000
1 0.150573 0.891176 0.094926 0.191176
