13 0.482436 0.145691 0.059329 0.071916
13 0.663544 0.123373 0.078064 0.081835
13 0.307182 0.422505 0.072600 0.057657
13 0.505855 0.407936 0.074941 0.069436
2 0.370023 0.243645 0.135831 0.161190
2 0.539813 0.237756 0.116315 0.153131
3 0.680328 0.230626 0.139735 0.161190
1 0.371585 0.482951 0.110851 0.130192
7 0.542155 0.473652 0.106948 0.107874
9 0.685012 0.480161 0.105386 0.138252
11 0.198283 0.510849 0.120219 0.044637
12 0.508587 0.604154 0.718970 0.057657
0 0.367681 0.705208 0.121780 0.129572
4 0.539813 0.725046 0.105386 0.164290
4 0.720921 0.721017 0.119438 0.161190
