13 0.471039 0.097065 0.100511 0.101580
13 0.303237 0.172686 0.074957 0.083521
13 0.508518 0.216704 0.066440 0.079007
13 0.709540 0.189052 0.066440 0.073363
11 0.443782 0.225169 0.059625 0.041761
11 0.229983 0.179458 0.102215 0.045147
11 0.119250 0.534989 0.129472 0.056433
1 0.289608 0.324492 0.078365 0.188488
0 0.507666 0.335214 0.132879 0.106095
0 0.675468 0.318284 0.182283 0.133183
0 0.516184 0.799661 0.149915 0.132054
0 0.275128 0.809255 0.148211 0.135440
9 0.485520 0.556433 0.129472 0.153499
9 0.697615 0.540632 0.141397 0.144470
12 0.515332 0.643341 0.829642 0.060948
1 0.770017 0.779345 0.098807 0.152370
