13 0.244822 0.191292 0.073964 0.084831
13 0.363166 0.181742 0.072485 0.083708
13 0.598373 0.172472 0.072485 0.073034
3 0.438240 0.294944 0.160503 0.174157
0 0.625740 0.284270 0.127219 0.158427
7 0.788092 0.270506 0.132396 0.162360
6 0.403107 0.503090 0.140533 0.152247
9 0.590976 0.496629 0.109467 0.162921
3 0.757766 0.481742 0.098373 0.135393
10 0.245562 0.557865 0.087278 0.106742
12 0.549926 0.610393 0.696006 0.064607
1 0.271450 0.758146 0.161243 0.161236
0 0.419009 0.737360 0.130917 0.151124
0 0.616494 0.723596 0.150148 0.178652
0 0.785503 0.714888 0.134615 0.155618
