13 0.459044 0.159740 0.064846 0.049351
13 0.651877 0.163636 0.088737 0.083117
13 0.247440 0.467532 0.078498 0.083117
13 0.395904 0.461039 0.075085 0.064935
1 0.334471 0.290909 0.143345 0.171429
2 0.522184 0.292208 0.122867 0.174026
5 0.709898 0.285714 0.177474 0.181818
7 0.638225 0.538961 0.136519 0.174026
6 0.465870 0.523377 0.112628 0.179221
11 0.230375 0.574026 0.105802 0.046753
12 0.430034 0.638961 0.627986 0.046753
8 0.638225 0.770130 0.150171 0.200000
5 0.402730 0.774026 0.136519 0.155844
0 0.206485 0.784416 0.112628 0.171429
