13 0.443609 0.111111 0.055138 0.077519
13 0.324561 0.178295 0.052632 0.098191
2 0.452381 0.246770 0.087719 0.167959
9 0.609023 0.246770 0.090226 0.183463
3 0.755639 0.250646 0.087719 0.180879
1 0.760652 0.498708 0.112782 0.196382
5 0.587719 0.509044 0.097744 0.211886
9 0.411028 0.507752 0.095238 0.193798
10 0.261905 0.543928 0.097744 0.147287
12 0.565163 0.631783 0.674185 0.038760
4 0.778195 0.775194 0.097744 0.186047
4 0.585213 0.776486 0.097744 0.188630
2 0.423559 0.772610 0.095238 0.191214
1 0.265664 0.764858 0.135338 0.206718
