13 0.517032 0.074572 0.051095 0.061125
13 0.740876 0.122249 0.055961 0.053790
13 0.448905 0.413203 0.041363 0.048900
13 0.296837 0.436430 0.053528 0.066015
2 0.388078 0.207824 0.099757 0.166259
3 0.576642 0.206601 0.107056 0.207824
1 0.806569 0.228606 0.114355 0.212714
7 0.692214 0.537897 0.138686 0.176039
6 0.462287 0.528117 0.107056 0.190709
11 0.210462 0.509780 0.075426 0.046455
12 0.495134 0.639364 0.688564 0.056235
4 0.728710 0.798289 0.104623 0.212714
6 0.459854 0.795844 0.092457 0.178484
1 0.273723 0.805623 0.138686 0.232274
