13 0.513040 0.215712 0.085793 0.086285
13 0.639327 0.220541 0.073439 0.080489
13 0.334935 0.452350 0.070007 0.079202
13 0.484900 0.448487 0.073439 0.080489
8 0.403912 0.306182 0.095402 0.155184
0 0.539465 0.309401 0.104324 0.144881
0 0.685312 0.302318 0.089911 0.135866
6 0.374056 0.534771 0.113933 0.156471
9 0.517502 0.532840 0.101579 0.164198
9 0.677419 0.534127 0.112560 0.175789
11 0.222032 0.554733 0.099520 0.049581
12 0.455388 0.650032 0.553878 0.035415
1 0.380233 0.760464 0.111187 0.150676
0 0.524022 0.764005 0.120110 0.173213
1 0.706246 0.769156 0.126287 0.159047
