13 0.591603 0.083510 0.073791 0.065539
13 0.318066 0.164905 0.081425 0.084567
4 0.469466 0.225159 0.124682 0.192389
1 0.594148 0.223044 0.094148 0.188161
7 0.730280 0.224101 0.132316 0.198732
5 0.755725 0.476744 0.117048 0.175476
5 0.605598 0.474630 0.091603 0.154334
9 0.461832 0.512685 0.109415 0.167019
10 0.306616 0.558140 0.099237 0.114165
12 0.562341 0.621564 0.666667 0.059197
2 0.809160 0.729387 0.127226 0.147992
7 0.647583 0.749471 0.134860 0.154334
3 0.483461 0.778013 0.117048 0.186047
1 0.343511 0.791755 0.122137 0.183932
