13 0.269752 0.205589 0.069977 0.087824
13 0.393905 0.126747 0.056433 0.073852
13 0.600451 0.115768 0.072235 0.087824
8 0.443567 0.264471 0.119639 0.201597
9 0.600451 0.287425 0.103837 0.195609
4 0.761851 0.272455 0.110609 0.185629
8 0.769752 0.559880 0.126411 0.185629
5 0.584650 0.569860 0.081264 0.185629
7 0.415350 0.576846 0.135440 0.179641
10 0.260722 0.640719 0.101580 0.123752
12 0.519187 0.706587 0.663657 0.067864
2 0.784424 0.825349 0.119639 0.173653
5 0.592551 0.857285 0.128668 0.189621
6 0.396163 0.887226 0.097065 0.177645
1 0.247178 0.891218 0.110609 0.189621
