13 0.493298 0.116773 0.069705 0.063694
13 0.672922 0.139066 0.053619 0.074310
1 0.726542 0.280255 0.160858 0.199575
9 0.534853 0.270701 0.109920 0.197452
6 0.365952 0.280255 0.109920 0.191083
13 0.268097 0.435244 0.064343 0.076433
13 0.478552 0.450106 0.061662 0.080679
6 0.722520 0.522293 0.104558 0.174098
9 0.548257 0.540340 0.109920 0.176221
9 0.521448 0.803609 0.131367 0.193206
5 0.328418 0.548832 0.136729 0.180467
11 0.166220 0.539278 0.107239 0.067941
12 0.482574 0.656051 0.718499 0.072187
5 0.726542 0.794055 0.139410 0.212314
0 0.320375 0.812102 0.147453 0.167728
