13 0.535433 0.175325 0.047244 0.070130
13 0.707349 0.175325 0.060367 0.090909
13 0.522310 0.475325 0.068241 0.088312
13 0.395013 0.481818 0.065617 0.080519
1 0.406824 0.285714 0.125984 0.207792
2 0.569554 0.298701 0.115486 0.181818
0 0.736220 0.303896 0.091864 0.181818
3 0.713911 0.533766 0.125984 0.153247
6 0.565617 0.551948 0.091864 0.168831
11 0.396325 0.590909 0.099738 0.049351
12 0.549869 0.685714 0.622047 0.067532
7 0.758530 0.824675 0.110236 0.194805
5 0.574803 0.836364 0.120735 0.181818
0 0.375328 0.867532 0.099738 0.197403
