13 0.547761 0.152672 0.092537 0.101781
13 0.658209 0.117048 0.062687 0.071247
0 0.689552 0.279898 0.107463 0.193384
0 0.543284 0.278626 0.101493 0.170483
1 0.416418 0.250636 0.092537 0.165394
13 0.423881 0.449109 0.071642 0.078880
13 0.547761 0.508906 0.074627 0.086514
9 0.708955 0.539440 0.116418 0.183206
11 0.379104 0.516539 0.101493 0.045802
12 0.564179 0.632316 0.549254 0.048346
1 0.779104 0.769720 0.149254 0.160305
9 0.574627 0.807888 0.128358 0.216285
0 0.395522 0.816794 0.110448 0.173028
