13 0.526316 0.098383 0.068111 0.067385
13 0.681115 0.090296 0.055728 0.078167
13 0.399381 0.408356 0.068111 0.072776
13 0.509288 0.394879 0.058824 0.067385
1 0.416409 0.233154 0.133127 0.175202
0 0.569659 0.237197 0.105263 0.129380
7 0.718266 0.249326 0.142415 0.185984
7 0.568111 0.494609 0.126935 0.153639
9 0.738390 0.498652 0.120743 0.156334
11 0.270898 0.512129 0.120743 0.070081
12 0.560372 0.594340 0.625387 0.051213
8 0.766254 0.754717 0.126935 0.204852
2 0.583591 0.760108 0.133127 0.177898
0 0.388545 0.770889 0.114551 0.183288
