13 0.696498 0.127273 0.070039 0.072727
13 0.517510 0.162338 0.070039 0.075325
13 0.287938 0.431169 0.085603 0.051948
13 0.470817 0.409091 0.085603 0.070130
1 0.367704 0.248052 0.120623 0.179221
0 0.552529 0.258442 0.124514 0.132468
5 0.717899 0.257143 0.143969 0.145455
7 0.688716 0.519481 0.147860 0.181818
8 0.492218 0.516883 0.143969 0.176623
11 0.256809 0.542857 0.132296 0.046753
12 0.480545 0.646753 0.696498 0.062338
8 0.708171 0.794805 0.171206 0.197403
1 0.500000 0.776623 0.136187 0.150649
0 0.276265 0.775325 0.147860 0.158442
