13 0.539788 0.175418 0.055703 0.054893
13 0.721485 0.173031 0.063660 0.078759
13 0.503979 0.477327 0.058355 0.090692
13 0.388594 0.522673 0.050398 0.066826
1 0.762599 0.306683 0.135279 0.159905
8 0.575597 0.329356 0.106101 0.167064
6 0.436340 0.315036 0.108753 0.181384
2 0.757294 0.558473 0.119363 0.147971
9 0.572944 0.568019 0.100796 0.181384
11 0.279841 0.584726 0.114058 0.052506
12 0.580902 0.673031 0.684350 0.042959
9 0.803714 0.806683 0.132626 0.205251
8 0.574271 0.807876 0.124668 0.178998
5 0.352785 0.817422 0.159151 0.212411
