13 0.495356 0.160401 0.068111 0.085213
13 0.657895 0.155388 0.114551 0.100251
13 0.507740 0.413534 0.061920 0.100251
13 0.317337 0.444862 0.065015 0.067669
4 0.385449 0.241855 0.120743 0.192982
0 0.535604 0.273183 0.099071 0.155388
0 0.667183 0.280702 0.102167 0.155388
1 0.721362 0.556391 0.136223 0.195489
8 0.552632 0.556391 0.126935 0.205514
1 0.399381 0.558897 0.123839 0.195489
11 0.170279 0.577694 0.111455 0.052632
12 0.517028 0.682957 0.705882 0.057644
9 0.733746 0.815789 0.111455 0.182957
1 0.543344 0.786967 0.114551 0.165414
2 0.365325 0.802005 0.160991 0.165414
