13 0.218670 0.155056 0.074169 0.089888
13 0.337596 0.135955 0.056266 0.092135
13 0.560102 0.122472 0.056266 0.069663
9 0.424552 0.262921 0.097187 0.184270
7 0.586957 0.265169 0.120205 0.175281
6 0.774936 0.251685 0.092072 0.179775
1 0.739130 0.482022 0.102302 0.132584
5 0.594629 0.487640 0.109974 0.152809
1 0.416880 0.506742 0.107417 0.159551
10 0.262148 0.540449 0.074169 0.105618
12 0.560102 0.602247 0.654731 0.040449
7 0.765985 0.733708 0.120205 0.195506
3 0.589514 0.722472 0.120205 0.191011
1 0.434783 0.711236 0.132992 0.177528
1 0.264706 0.722472 0.135550 0.186517
