13 0.531746 0.157702 0.072039 0.088020
13 0.664225 0.128973 0.065934 0.106357
13 0.537851 0.431540 0.069597 0.073350
13 0.426740 0.557457 0.067155 0.100244
1 0.445055 0.265281 0.074481 0.180929
2 0.583639 0.281174 0.112332 0.173594
8 0.728327 0.287897 0.111111 0.179707
9 0.594017 0.545232 0.140415 0.151589
9 0.760684 0.540342 0.131868 0.161369
11 0.199023 0.518337 0.158730 0.048900
12 0.490842 0.676650 0.803419 0.045232
0 0.412088 0.800122 0.135531 0.155257
2 0.604396 0.815403 0.151404 0.176039
9 0.841880 0.802567 0.125763 0.160147
