13 0.215084 0.144459 0.094972 0.098945
13 0.507449 0.139182 0.124767 0.122691
1 0.247672 0.286939 0.100559 0.172823
8 0.511173 0.298153 0.143389 0.184697
8 0.523277 0.515831 0.152700 0.200528
8 0.736499 0.511873 0.147114 0.166227
9 0.733706 0.295515 0.160149 0.176781
9 0.294227 0.530343 0.134078 0.174142
10 0.135940 0.529683 0.122905 0.162269
12 0.471136 0.656332 0.841713 0.051451
1 0.140596 0.811346 0.113594 0.160950
1 0.298883 0.806069 0.117318 0.137203
7 0.525140 0.806728 0.119181 0.159631
7 0.746741 0.800792 0.137803 0.189974
