13 0.236979 0.151786 0.054688 0.077381
13 0.467448 0.100446 0.059896 0.108631
9 0.305339 0.250744 0.102865 0.177083
8 0.523438 0.209077 0.085938 0.206845
7 0.764974 0.194196 0.126302 0.165179
10 0.095052 0.451637 0.093750 0.186012
6 0.321615 0.507440 0.104167 0.172619
5 0.545573 0.476935 0.111979 0.209821
4 0.807943 0.461310 0.102865 0.190476
12 0.503906 0.642857 0.901042 0.083333
1 0.200521 0.848958 0.093750 0.191964
6 0.333333 0.853423 0.135417 0.230655
4 0.566406 0.837798 0.106771 0.235119
1 0.808594 0.829613 0.101562 0.191964
