13 0.291589 0.137410 0.056075 0.084892
13 0.527103 0.168345 0.078505 0.092086
13 0.740187 0.110791 0.074766 0.097842
11 0.231776 0.167626 0.067290 0.047482
11 0.458879 0.171942 0.065421 0.047482
1 0.741121 0.261151 0.091589 0.174101
1 0.280374 0.549640 0.089720 0.164029
1 0.234579 0.829496 0.117757 0.156835
3 0.313084 0.284173 0.140187 0.151079
2 0.528037 0.282014 0.117757 0.143885
11 0.132710 0.557554 0.134579 0.056115
2 0.509346 0.550360 0.155140 0.176978
3 0.740187 0.571942 0.157009 0.188489
12 0.485981 0.697122 0.900935 0.082014
9 0.511215 0.849640 0.151402 0.174101
8 0.741121 0.849640 0.143925 0.165468
