13 0.411710 0.129808 0.079926 0.111264
13 0.572491 0.097527 0.085502 0.087912
13 0.625465 0.211538 0.087361 0.104396
13 0.817844 0.195055 0.096654 0.123626
1 0.421004 0.282280 0.105948 0.179945
11 0.347584 0.148352 0.078067 0.041209
11 0.577138 0.222527 0.072491 0.038462
0 0.592007 0.317308 0.135688 0.107143
0 0.790892 0.317995 0.146840 0.135989
0 0.357807 0.829670 0.157993 0.129121
0 0.574349 0.831731 0.144981 0.146978
11 0.143123 0.535714 0.141264 0.060440
9 0.570632 0.529533 0.122677 0.141484
5 0.764870 0.539835 0.120818 0.151099
5 0.814126 0.826236 0.126394 0.174451
12 0.477695 0.661401 0.855019 0.061813
