13 0.464009 0.237339 0.066970 0.063233
13 0.676082 0.230472 0.079271 0.055794
13 0.246925 0.431474 0.060137 0.069242
13 0.471071 0.435193 0.057403 0.052647
3 0.298405 0.301860 0.143964 0.147639
3 0.524146 0.315594 0.153531 0.126466
3 0.568337 0.691273 0.131663 0.140200
7 0.757859 0.313305 0.141686 0.109871
2 0.321412 0.502289 0.179954 0.150787
9 0.540774 0.500715 0.120273 0.147639
8 0.745558 0.490129 0.146241 0.150501
11 0.122323 0.513448 0.097950 0.034621
12 0.519134 0.599428 0.700228 0.043491
9 0.774487 0.702575 0.155809 0.150787
