13 0.701918 0.220855 0.093525 0.061520
13 0.503357 0.229622 0.066667 0.064288
13 0.262350 0.395878 0.082494 0.065826
13 0.495444 0.431867 0.064269 0.049831
4 0.364988 0.284682 0.173621 0.162719
0 0.572902 0.300831 0.141487 0.127345
1 0.755635 0.302215 0.109832 0.139342
3 0.360432 0.480929 0.164508 0.151030
9 0.569784 0.499231 0.125659 0.149492
9 0.754676 0.507229 0.148201 0.150723
11 0.098082 0.488311 0.109832 0.048293
12 0.546763 0.617810 0.664748 0.070440
0 0.358273 0.706552 0.178417 0.153799
0 0.564029 0.706398 0.173621 0.133190
2 0.791127 0.731313 0.194245 0.174408
