13 0.460606 0.259924 0.066116 0.079773
13 0.691736 0.259924 0.074380 0.065406
13 0.222314 0.470132 0.067769 0.060870
13 0.457300 0.496219 0.080441 0.060870
6 0.326997 0.330624 0.146006 0.177316
7 0.548485 0.342911 0.148209 0.164083
0 0.742424 0.366919 0.171350 0.165974
1 0.302755 0.542911 0.097521 0.154253
9 0.524242 0.555955 0.141598 0.159924
8 0.732782 0.576371 0.139945 0.162949
11 0.093113 0.548015 0.080441 0.044991
12 0.495592 0.669943 0.712397 0.077127
4 0.290083 0.758790 0.203306 0.164083
7 0.530579 0.772401 0.176309 0.168620
2 0.737190 0.800189 0.174105 0.159924
