13 0.472481 0.197270 0.047417 0.060380
13 0.579594 0.194376 0.065199 0.061208
13 0.314564 0.484698 0.051651 0.061208
13 0.461050 0.466501 0.056732 0.062862
8 0.382727 0.285773 0.093141 0.162945
3 0.504657 0.280811 0.081287 0.134822
2 0.632515 0.299421 0.120237 0.170389
6 0.366638 0.572374 0.099915 0.181969
7 0.505504 0.568652 0.094835 0.186104
5 0.635478 0.545492 0.082134 0.186104
11 0.238781 0.622415 0.093141 0.043838
12 0.491109 0.683209 0.545301 0.057899
1 0.376799 0.813069 0.120237 0.148883
5 0.505504 0.819686 0.106689 0.173697
7 0.671465 0.817618 0.106689 0.169562
