13 0.485366 0.298639 0.071220 0.064051
13 0.622439 0.292634 0.076098 0.072858
13 0.282927 0.558847 0.074146 0.064051
13 0.489268 0.589271 0.067317 0.064051
5 0.356098 0.385108 0.134634 0.179343
2 0.545366 0.393515 0.099512 0.149720
2 0.696098 0.383106 0.127805 0.151321
4 0.361951 0.633307 0.122927 0.128102
6 0.523415 0.642114 0.073171 0.124900
8 0.686341 0.639311 0.108293 0.151321
11 0.214146 0.649720 0.106341 0.053643
12 0.520000 0.741793 0.643902 0.056845
0 0.353659 0.857486 0.127805 0.163331
5 0.520000 0.865092 0.119024 0.152922
4 0.703415 0.861089 0.103415 0.167334
