5 0.342539 0.316422 0.112943 0.142522
13 0.463314 0.241056 0.065952 0.064516
13 0.591921 0.232258 0.072547 0.064516
13 0.279472 0.510850 0.049464 0.052786
13 0.450536 0.497654 0.070074 0.055718
0 0.501237 0.322287 0.089035 0.107331
6 0.661995 0.313490 0.105523 0.119062
3 0.338417 0.564223 0.093157 0.121994
7 0.500412 0.569501 0.098928 0.123167
9 0.650453 0.576833 0.115416 0.126100
11 0.190849 0.595601 0.086562 0.049853
12 0.490107 0.666276 0.680132 0.058651
1 0.319868 0.773314 0.122012 0.137830
2 0.542457 0.755718 0.146744 0.114370
7 0.718467 0.751906 0.136026 0.124340
