13 0.578798 0.202561 0.090171 0.072661
13 0.279448 0.245687 0.105605 0.082593
8 0.442729 0.296132 0.121852 0.143753
6 0.613323 0.296393 0.128351 0.138003
1 0.797319 0.291166 0.158408 0.156822
4 0.435418 0.528751 0.133225 0.173027
1 0.621446 0.509932 0.139724 0.158390
9 0.813160 0.506796 0.152721 0.173027
10 0.240861 0.570047 0.119415 0.101934
12 0.589764 0.630946 0.802600 0.040774
1 0.283916 0.734187 0.160032 0.154208
2 0.455727 0.732880 0.128351 0.130685
8 0.630382 0.728437 0.134850 0.139571
0 0.844842 0.731312 0.139724 0.116048
