13 0.518900 0.098622 0.098511 0.100775
13 0.784078 0.088717 0.099656 0.094746
1 0.321306 0.212317 0.161512 0.229974
3 0.591638 0.217054 0.129439 0.208441
1 0.869989 0.212317 0.152348 0.221361
13 0.234822 0.476314 0.114548 0.111972
13 0.454754 0.477606 0.089347 0.109388
9 0.550401 0.546081 0.136312 0.213609
5 0.827606 0.537898 0.166094 0.221361
11 0.136884 0.599053 0.156930 0.069767
12 0.502864 0.713609 0.856816 0.064599
0 0.278351 0.887597 0.160367 0.198966
3 0.551546 0.887166 0.163803 0.198105
6 0.847652 0.873816 0.183276 0.192076
