13 0.503984 0.118705 0.091633 0.095581
13 0.720452 0.107400 0.096946 0.114080
2 0.359230 0.242549 0.160691 0.156218
2 0.585657 0.234841 0.143426 0.165468
4 0.770916 0.252826 0.142098 0.205550
13 0.254316 0.465057 0.088977 0.079137
13 0.486720 0.454779 0.067729 0.083248
1 0.305445 0.552415 0.108898 0.165468
9 0.526560 0.558068 0.120850 0.199383
8 0.726428 0.541624 0.119522 0.180884
11 0.145418 0.601747 0.128818 0.066804
12 0.512616 0.682939 0.841965 0.068859
0 0.289509 0.874101 0.124834 0.188078
2 0.519920 0.860226 0.123506 0.189106
6 0.760956 0.820658 0.138114 0.194245
