13 0.573410 0.117383 0.083237 0.080919
13 0.761850 0.088911 0.090173 0.089910
13 0.279769 0.452048 0.085549 0.098901
13 0.523121 0.432567 0.075145 0.087912
5 0.404046 0.197303 0.169942 0.222777
0 0.609249 0.215784 0.113295 0.173826
0 0.798266 0.213786 0.105202 0.177822
4 0.359538 0.544955 0.134104 0.190809
9 0.547977 0.551449 0.122543 0.189810
9 0.752023 0.569930 0.130636 0.198801
11 0.133526 0.602897 0.102890 0.064935
12 0.513873 0.713287 0.845087 0.053946
0 0.319653 0.853147 0.137572 0.193806
0 0.533526 0.848152 0.130636 0.171828
1 0.768786 0.843157 0.134104 0.211788
