13 0.529883 0.131977 0.073639 0.089877
13 0.686766 0.107852 0.082177 0.083254
13 0.497332 0.435667 0.078975 0.072848
13 0.288154 0.466414 0.076841 0.090823
7 0.390075 0.249290 0.165422 0.159886
2 0.580043 0.255913 0.124867 0.167455
8 0.754002 0.240303 0.124867 0.187323
3 0.351654 0.559603 0.118463 0.180700
4 0.568303 0.528382 0.118463 0.167455
9 0.724653 0.532167 0.125934 0.175024
11 0.136606 0.581362 0.098186 0.078524
12 0.490395 0.693472 0.829242 0.066225
3 0.312166 0.858562 0.124867 0.216651
7 0.533084 0.858562 0.122732 0.178808
9 0.731057 0.846263 0.113127 0.229896
