13 0.559238 0.133149 0.105783 0.104972
13 0.760931 0.124309 0.088858 0.074033
13 0.264457 0.428177 0.094499 0.082873
13 0.507052 0.445856 0.083216 0.080663
3 0.363188 0.232044 0.131171 0.207735
1 0.605078 0.233702 0.129760 0.173481
1 0.799013 0.232597 0.133992 0.171271
1 0.339915 0.528729 0.129760 0.177901
1 0.583216 0.529834 0.125529 0.177901
1 0.289845 0.808287 0.133992 0.166851
2 0.800423 0.530939 0.150917 0.153591
9 0.525388 0.825414 0.128350 0.187845
9 0.801128 0.812155 0.152327 0.227624
11 0.155853 0.550276 0.148096 0.077348
12 0.547955 0.670166 0.808181 0.078453
