6 0.373027 0.263585 0.088538 0.171489
13 0.504804 0.177841 0.059712 0.074806
13 0.665065 0.187015 0.053535 0.067749
13 0.316404 0.420607 0.064516 0.070572
13 0.491421 0.417078 0.059025 0.071983
5 0.354839 0.498941 0.076870 0.135498
8 0.520933 0.506351 0.078243 0.155963
8 0.675704 0.513056 0.080302 0.145378
11 0.199382 0.484121 0.096774 0.050812
12 0.510981 0.608680 0.647220 0.057163
0 0.327728 0.733945 0.103638 0.163726
9 0.514413 0.734298 0.113246 0.174312
9 0.664379 0.743472 0.093342 0.177135
