13 0.335552 0.206977 0.101018 0.089701
13 0.516053 0.167774 0.097103 0.092359
6 0.385670 0.305316 0.111981 0.161462
8 0.564605 0.289369 0.115897 0.170764
7 0.729052 0.272093 0.117463 0.156146
10 0.183242 0.664120 0.115897 0.122924
5 0.364526 0.610631 0.121378 0.168771
8 0.557165 0.609302 0.107283 0.180731
8 0.743540 0.606977 0.126077 0.176080
12 0.527016 0.738538 0.751762 0.052492
1 0.262334 0.858472 0.120595 0.162126
2 0.428348 0.859136 0.115897 0.166113
7 0.593970 0.837542 0.107283 0.160133
5 0.768990 0.852824 0.139389 0.158804
