13 0.506557 0.100556 0.091803 0.081111
13 0.722131 0.218889 0.119672 0.115556
13 0.545082 0.212222 0.063934 0.082222
13 0.304098 0.224444 0.073770 0.093333
11 0.482787 0.231667 0.113115 0.050000
11 0.236885 0.250000 0.096721 0.051111
9 0.263115 0.372778 0.149180 0.143333
1 0.495082 0.348333 0.114754 0.143333
1 0.727869 0.345000 0.131148 0.121111
1 0.289344 0.560000 0.116393 0.168889
11 0.129508 0.553889 0.131148 0.045556
9 0.514754 0.534444 0.147541 0.151111
9 0.747541 0.512778 0.140984 0.156667
12 0.533607 0.657222 0.857377 0.085556
2 0.792623 0.773333 0.139344 0.135556
1 0.529508 0.787222 0.147541 0.154444
7 0.279508 0.821111 0.122951 0.162222
