13 0.531136 0.123028 0.076923 0.077813
13 0.712454 0.207676 0.087912 0.083070
13 0.562271 0.221872 0.069597 0.092534
13 0.334249 0.227655 0.071429 0.083070
11 0.469780 0.239748 0.097070 0.042061
11 0.251832 0.255521 0.086081 0.042061
11 0.170330 0.572029 0.142857 0.048370
7 0.327839 0.355941 0.139194 0.123028
2 0.540293 0.350683 0.179487 0.133544
8 0.723443 0.347003 0.179487 0.178759
9 0.719780 0.544164 0.172161 0.144059
9 0.754579 0.788118 0.168498 0.160883
4 0.502747 0.544164 0.126374 0.154574
12 0.549451 0.657203 0.739927 0.054679
7 0.506410 0.804416 0.173993 0.143007
6 0.281136 0.820715 0.155678 0.133544
