13 0.577491 0.233803 0.070111 0.061972
13 0.771218 0.209859 0.073801 0.081690
13 0.466790 0.533803 0.070111 0.059155
13 0.330258 0.525352 0.062731 0.059155
1 0.452030 0.342254 0.114391 0.188732
6 0.623616 0.354930 0.125461 0.180282
4 0.826568 0.342254 0.110701 0.177465
9 0.749077 0.607042 0.140221 0.177465
6 0.540590 0.598592 0.099631 0.154930
11 0.258303 0.619718 0.125461 0.050704
12 0.533210 0.700000 0.756458 0.042254
5 0.758303 0.816901 0.151292 0.180282
9 0.496310 0.829577 0.121771 0.188732
