13 0.123104 0.264686 0.089206 0.071573
13 0.250223 0.232275 0.081178 0.072924
13 0.480821 0.202903 0.098127 0.083052
7 0.326494 0.311951 0.146298 0.114787
7 0.510259 0.310601 0.123104 0.132343
7 0.686441 0.308575 0.134701 0.136394
7 0.299732 0.528359 0.139161 0.147873
7 0.507583 0.533086 0.121320 0.161377
7 0.711418 0.541188 0.165031 0.127616
10 0.140054 0.592167 0.123104 0.112086
12 0.488403 0.656651 0.812667 0.074949
1 0.135593 0.804862 0.121320 0.158001
5 0.303747 0.788994 0.100803 0.149223
5 0.507583 0.788994 0.171276 0.174882
4 0.704728 0.777515 0.124888 0.149223
