13 0.520761 0.128134 0.058824 0.072423
13 0.707612 0.128134 0.086505 0.072423
13 0.480969 0.442897 0.069204 0.066852
13 0.301038 0.451253 0.083045 0.077994
1 0.394464 0.266017 0.138408 0.192201
1 0.560554 0.242340 0.117647 0.172702
2 0.733564 0.261838 0.159170 0.155989
3 0.662630 0.541783 0.093426 0.147632
7 0.531142 0.551532 0.114187 0.150418
11 0.328720 0.534819 0.096886 0.038997
12 0.534602 0.643454 0.522491 0.072423
9 0.628028 0.796657 0.155709 0.189415
3 0.484429 0.770195 0.096886 0.186630
0 0.307958 0.759053 0.117647 0.186630
