13 0.548747 0.089710 0.050139 0.063325
13 0.704735 0.072559 0.066852 0.065963
13 0.348189 0.414248 0.055710 0.063325
13 0.513928 0.408971 0.047354 0.068602
9 0.437326 0.197889 0.111421 0.216359
0 0.597493 0.216359 0.103064 0.153034
1 0.735376 0.233509 0.100279 0.192612
1 0.410864 0.505277 0.103064 0.171504
9 0.562674 0.506596 0.094708 0.168865
2 0.731198 0.500000 0.108635 0.155673
11 0.240947 0.517150 0.086351 0.036939
12 0.532033 0.613456 0.679666 0.050132
9 0.742340 0.746702 0.097493 0.168865
0 0.566852 0.746702 0.114206 0.163588
7 0.363510 0.742744 0.130919 0.187335
