13 0.613253 0.070866 0.060241 0.099738
13 0.749398 0.114173 0.043373 0.107612
13 0.580723 0.409449 0.038554 0.068241
13 0.445783 0.426509 0.038554 0.065617
7 0.490361 0.237533 0.122892 0.175853
4 0.646988 0.253281 0.098795 0.207349
6 0.787952 0.255906 0.086747 0.202100
8 0.781928 0.536745 0.093976 0.207349
5 0.624096 0.527559 0.110843 0.173228
11 0.373494 0.517060 0.072289 0.047244
12 0.569880 0.649606 0.662651 0.060367
8 0.796386 0.793963 0.089157 0.207349
8 0.638554 0.793963 0.106024 0.223097
6 0.425301 0.820210 0.093976 0.228346
