13 0.557746 0.048387 0.078873 0.075269
13 0.712676 0.053763 0.090141 0.086022
7 0.788732 0.195699 0.157746 0.193548
5 0.585915 0.191398 0.135211 0.206452
7 0.383099 0.172043 0.152113 0.176344
13 0.526761 0.367742 0.073239 0.073118
13 0.277465 0.422581 0.076056 0.079570
4 0.363380 0.466667 0.101408 0.172043
5 0.557746 0.483871 0.123944 0.180645
8 0.742254 0.506452 0.126761 0.191398
11 0.188732 0.526882 0.101408 0.047312
12 0.483099 0.637634 0.735211 0.049462
9 0.749296 0.792473 0.169014 0.260215
9 0.542254 0.798925 0.166197 0.230108
2 0.343662 0.820430 0.163380 0.212903
