13 0.515915 0.118947 0.076923 0.077895
13 0.661804 0.145263 0.061008 0.071579
13 0.490716 0.411579 0.068966 0.077895
13 0.263926 0.441053 0.050398 0.056842
8 0.384615 0.235789 0.132626 0.193684
2 0.535809 0.240000 0.106101 0.172632
0 0.712202 0.254737 0.119363 0.164211
4 0.709549 0.516842 0.114058 0.187368
5 0.518568 0.510526 0.103448 0.157895
4 0.350133 0.523158 0.143236 0.204211
11 0.153846 0.560000 0.100796 0.046316
12 0.501326 0.670526 0.864721 0.048421
6 0.754642 0.802105 0.124668 0.181053
6 0.511936 0.809474 0.106101 0.178947
3 0.287798 0.822105 0.161804 0.200000
