13 0.355294 0.096603 0.075294 0.095541
13 0.214118 0.146497 0.070588 0.127389
7 0.403529 0.228238 0.148235 0.150743
7 0.595294 0.229299 0.122353 0.178344
3 0.747059 0.200637 0.082353 0.163482
5 0.740000 0.473461 0.110588 0.186837
5 0.384706 0.478769 0.120000 0.197452
4 0.574118 0.462845 0.117647 0.161359
10 0.194118 0.535032 0.096471 0.118896
12 0.497647 0.617834 0.684706 0.067941
8 0.749412 0.736730 0.110588 0.186837
1 0.585882 0.742038 0.103529 0.180467
3 0.383529 0.767516 0.112941 0.184713
1 0.230588 0.776008 0.112941 0.197452
