13 0.474394 0.083524 0.059299 0.066362
13 0.687332 0.100686 0.053908 0.073227
13 0.420485 0.438215 0.059299 0.075515
13 0.272237 0.449657 0.064690 0.080092
2 0.305930 0.218535 0.115903 0.185355
5 0.514825 0.212815 0.134771 0.192220
0 0.731806 0.224256 0.137466 0.160183
8 0.690027 0.500000 0.129380 0.189931
6 0.486523 0.504577 0.110512 0.162471
11 0.212938 0.556064 0.123989 0.045767
12 0.495957 0.628146 0.743935 0.089245
2 0.772237 0.760870 0.142857 0.171625
8 0.540431 0.767735 0.137466 0.189931
1 0.361186 0.805492 0.150943 0.192220
