13 0.546647 0.063260 0.072886 0.072993
13 0.721574 0.069343 0.072886 0.080292
13 0.355685 0.412409 0.087464 0.085158
13 0.518950 0.402676 0.064140 0.099757
1 0.395044 0.206813 0.096210 0.175182
1 0.568513 0.199513 0.093294 0.175182
1 0.741983 0.211679 0.084548 0.204380
3 0.747813 0.492701 0.113703 0.197080
2 0.583090 0.507299 0.139942 0.158151
11 0.323615 0.541363 0.134111 0.075426
12 0.553936 0.628954 0.758017 0.070560
8 0.784257 0.773723 0.128280 0.209246
8 0.567055 0.798054 0.137026 0.189781
0 0.344023 0.826034 0.134111 0.182482
