13 0.501493 0.096998 0.059701 0.083141
13 0.671642 0.109700 0.071642 0.103926
1 0.701493 0.278291 0.155224 0.210162
13 0.456716 0.422633 0.047761 0.073903
13 0.338806 0.441109 0.092537 0.087760
1 0.386567 0.242494 0.122388 0.203233
6 0.555224 0.250577 0.113433 0.224018
2 0.705970 0.547344 0.158209 0.189376
9 0.531343 0.534642 0.119403 0.196305
11 0.265672 0.542725 0.125373 0.055427
12 0.529851 0.674365 0.671642 0.060046
9 0.755224 0.825635 0.125373 0.205543
6 0.549254 0.838337 0.113433 0.203233
0 0.347761 0.833718 0.116418 0.203233
