13 0.215942 0.144357 0.072464 0.099738
13 0.376812 0.136483 0.063768 0.099738
13 0.601449 0.094488 0.084058 0.083990
9 0.621739 0.232283 0.084058 0.202100
9 0.800000 0.232283 0.104348 0.186352
9 0.781159 0.515748 0.101449 0.202100
9 0.572464 0.543307 0.118841 0.178478
9 0.360870 0.536745 0.113043 0.207349
9 0.611594 0.813648 0.139130 0.199475
8 0.810145 0.804462 0.118841 0.207349
10 0.202899 0.562992 0.086957 0.123360
12 0.549275 0.649606 0.791304 0.044619
0 0.382609 0.824147 0.139130 0.173228
1 0.207246 0.808399 0.124638 0.194226
