13 0.317109 0.080831 0.079646 0.083141
13 0.514749 0.075058 0.073746 0.076212
13 0.175516 0.163972 0.073746 0.092379
9 0.364307 0.233256 0.132743 0.207852
5 0.545723 0.224018 0.117994 0.203233
2 0.744838 0.197460 0.138643 0.177829
9 0.718289 0.494226 0.115044 0.170901
4 0.544248 0.483834 0.132743 0.159353
1 0.342183 0.504619 0.147493 0.187067
10 0.182891 0.546189 0.117994 0.113164
12 0.556047 0.608545 0.846608 0.066975
1 0.772861 0.728637 0.147493 0.168591
0 0.539823 0.735566 0.129794 0.182448
1 0.340708 0.759815 0.126844 0.184758
1 0.159292 0.752887 0.117994 0.184758
