13 0.137795 0.150852 0.065617 0.068127
13 0.282152 0.092457 0.049869 0.063260
13 0.481627 0.097324 0.055118 0.082725
8 0.673228 0.272506 0.118110 0.189781
8 0.666667 0.520681 0.104987 0.184915
9 0.490814 0.271290 0.120735 0.197080
9 0.307087 0.271290 0.131234 0.201946
7 0.463255 0.537713 0.107612 0.189781
6 0.296588 0.531630 0.110236 0.192214
10 0.140420 0.583942 0.097113 0.145985
12 0.472441 0.676399 0.761155 0.038929
6 0.688976 0.784672 0.097113 0.172749
7 0.502625 0.795620 0.133858 0.165450
6 0.311024 0.795620 0.102362 0.165450
1 0.156168 0.805353 0.128609 0.194647
