13 0.454683 0.091335 0.069486 0.060890
13 0.623867 0.097190 0.051360 0.072600
13 0.448640 0.358314 0.063444 0.056206
13 0.303625 0.432084 0.069486 0.077283
9 0.356495 0.209602 0.102719 0.175644
2 0.536254 0.210773 0.135952 0.177986
3 0.691843 0.206089 0.108761 0.182670
7 0.712991 0.470726 0.108761 0.215457
4 0.534743 0.474239 0.138973 0.203747
11 0.169184 0.512881 0.108761 0.065574
12 0.516616 0.606557 0.706949 0.070258
6 0.743202 0.703747 0.114804 0.156909
7 0.557402 0.733021 0.160121 0.187354
8 0.320242 0.736534 0.151057 0.194379
