13 0.241135 0.171367 0.089835 0.095445
13 0.351064 0.183297 0.054374 0.075922
13 0.550827 0.165944 0.056738 0.071584
2 0.442080 0.261388 0.104019 0.149675
1 0.599291 0.248373 0.101655 0.140998
4 0.762411 0.249458 0.092199 0.182213
9 0.743499 0.470716 0.096927 0.151844
8 0.583924 0.465293 0.089835 0.154013
8 0.412530 0.470716 0.087470 0.156182
10 0.274232 0.533623 0.080378 0.121475
12 0.574468 0.595445 0.652482 0.067245
3 0.776596 0.693059 0.082742 0.145336
0 0.612293 0.681128 0.094563 0.130152
1 0.445626 0.695228 0.115839 0.136659
1 0.251773 0.728850 0.111111 0.151844
