13 0.518237 0.128842 0.063830 0.087470
13 0.700608 0.130024 0.063830 0.070922
13 0.495441 0.416076 0.066869 0.056738
13 0.276596 0.427896 0.066869 0.061466
8 0.372340 0.251773 0.124620 0.191489
1 0.575988 0.254137 0.124620 0.172577
0 0.758359 0.257683 0.136778 0.179669
1 0.731003 0.531915 0.161094 0.174941
3 0.536474 0.527187 0.118541 0.179669
3 0.361702 0.534279 0.127660 0.165485
11 0.159574 0.544917 0.088146 0.049645
12 0.518237 0.639480 0.738602 0.059102
9 0.779635 0.751773 0.118541 0.189125
7 0.547112 0.763593 0.145897 0.174941
4 0.340426 0.774232 0.115502 0.182033
