13 0.540676 0.130653 0.070088 0.113065
13 0.725907 0.138191 0.087610 0.100503
1 0.436796 0.258166 0.085106 0.164573
2 0.617021 0.282035 0.122653 0.164573
6 0.787860 0.285804 0.116395 0.177136
13 0.647685 0.430276 0.066333 0.096734
13 0.434919 0.556533 0.091364 0.110553
7 0.600751 0.524497 0.152691 0.164573
7 0.791615 0.537688 0.128911 0.190955
11 0.229036 0.559045 0.155194 0.082915
12 0.476220 0.717337 0.887359 0.055276
0 0.461827 0.848618 0.142678 0.179648
4 0.640175 0.845477 0.113892 0.208543
9 0.849812 0.848618 0.120150 0.174623
