13 0.513740 0.116531 0.074809 0.102981
13 0.222137 0.201897 0.071756 0.102981
9 0.318321 0.247290 0.099237 0.150407
9 0.531298 0.255420 0.116031 0.158537
9 0.730534 0.243902 0.117557 0.149051
9 0.287023 0.493225 0.116031 0.130081
9 0.520611 0.476965 0.112977 0.151762
9 0.752672 0.468835 0.122137 0.192412
10 0.106870 0.478320 0.100763 0.143631
12 0.508397 0.615176 0.784733 0.070461
1 0.128244 0.807588 0.094656 0.214092
9 0.294656 0.809621 0.128244 0.180217
9 0.538168 0.827913 0.120611 0.184282
8 0.757252 0.797425 0.116031 0.163957
