13 0.421627 0.095266 0.121032 0.084024
13 0.205357 0.147929 0.113095 0.066272
13 0.446429 0.172189 0.087302 0.069822
13 0.694444 0.153846 0.123016 0.085207
11 0.375992 0.185799 0.081349 0.037870
11 0.118056 0.155030 0.132937 0.047337
1 0.201389 0.254438 0.109127 0.153846
5 0.456349 0.276331 0.174603 0.159763
1 0.713294 0.279290 0.144841 0.146746
9 0.448413 0.510651 0.178571 0.164497
9 0.697421 0.496450 0.152778 0.145562
11 0.093254 0.517751 0.134921 0.060355
12 0.487103 0.630178 0.934524 0.062722
0 0.193452 0.802959 0.176587 0.145562
6 0.479167 0.791716 0.156746 0.156213
2 0.751984 0.794083 0.222222 0.137278
